mol_11531192_0


 30 34  0  0  0  0  0  0  0  0999 V2000
   11.1750   -9.1233    4.5845 N   0  0  0  0  0  0  0  0  0  0  0  0
    9.8005   -8.9302    4.7009 C   0  0  0  0  0  0  0  0  0  0  0  0
    9.1587   -9.0767    5.9818 C   0  0  0  0  0  0  0  0  0  0  0  0
    9.9382   -9.4229    7.1424 C   0  0  0  0  0  0  0  0  0  0  0  0
   11.9031   -9.4467    5.6687 N   0  0  0  0  0  0  0  0  0  0  0  0
    7.6588   -8.8659    6.1089 C   0  0  0  0  0  0  0  0  0  0  0  0
    7.1444   -7.8948    7.0397 C   0  0  0  0  0  0  0  0  0  0  0  0
    5.7231   -7.6951    7.1602 C   0  0  0  0  0  0  0  0  0  0  0  0
    5.2087   -6.7239    8.0909 C   0  0  0  0  0  0  0  0  0  0  0  0
    6.1156   -5.9524    8.9013 C   0  0  0  0  0  0  0  0  0  0  0  0
    6.7520   -9.6374    5.2986 C   0  0  0  0  0  0  0  0  0  0  0  0
    3.7088   -6.5131    8.2180 C   0  0  0  0  0  0  0  0  0  0  0  0
    2.8804   -7.2179    7.4777 N   0  0  0  0  0  0  0  0  0  0  0  0
    3.3698   -8.1418    6.5923 O   0  0  0  0  0  0  0  0  0  0  0  0
    3.1658   -5.4882    9.2003 C   0  0  0  0  0  0  0  0  0  0  0  0
    4.7662   -8.5094    6.3048 C   0  0  0  0  0  0  0  0  0  0  0  0
    2.7798   -8.6437    6.0650 H   0  0  0  0  0  0  0  0  0  0  0  0
   15.3632   -9.6580   -0.0159 C   0  0  0  0  0  0  0  0  0  0  0  0
   14.9099   -9.9650    1.4021 C   0  0  0  0  0  0  0  0  0  0  0  0
   13.5634   -9.3077    1.6570 C   0  0  0  0  0  0  0  0  0  0  0  0
   13.1101   -9.6146    3.0749 C   0  0  0  0  0  0  0  0  0  0  0  0
   11.8078   -8.9790    3.3215 N   0  0  0  0  0  0  0  0  0  0  0  0
   11.1606   -8.1937    2.2607 C   0  0  0  0  0  0  0  0  0  0  0  0
   15.9322   -9.4251    2.3888 C   0  0  0  0  0  0  0  0  0  0  0  0
   11.4381   -9.6336    7.0153 C   0  0  0  0  0  0  0  0  0  0  0  0
   12.3231   -9.1468    8.0418 C   0  0  0  0  0  0  0  0  0  0  0  0
   13.7444   -9.3464    7.9215 C   0  0  0  0  0  0  0  0  0  0  0  0
   14.6004   -8.8756    8.9142 N   0  0  0  0  0  0  0  0  0  0  0  0
   15.9748   -9.0687    8.7977 C   0  0  0  0  0  0  0  0  0  0  0  0
   11.9741  -10.3201    5.8684 C   0  0  0  0  0  0  0  0  0  0  0  0
 18 19  1  0  0  0
 19 20  1  0  0  0
 20 21  1  0  0  0
 21 22  1  0  0  0
 22 23  1  0  0  0
 23 24  1  0  0  0
 19 24  1  0  0  0
 22  1  1  0  0  0
  1  2  1  0  0  0
  2  3  2  0  0  0
  3  4  1  0  0  0
  4  5  2  0  0  0
  1  5  1  0  0  0
  4 25  1  0  0  0
 25 26  2  0  0  0
 26 27  1  0  0  0
 27 28  2  0  0  0
 28 29  1  0  0  0
 29 30  2  0  0  0
 25 30  1  0  0  0
  3  6  1  0  0  0
  6  7  2  0  0  0
  7  8  1  0  0  0
  8  9  2  0  0  0
  9 10  1  0  0  0
 10 11  2  0  0  0
  6 11  1  0  0  0
  9 12  1  0  0  0
 12 13  2  0  0  0
 13 14  1  0  0  0
 12 15  1  0  0  0
 15 16  1  0  0  0
  8 16  1  0  0  0
 14 17  1  0  0  0
M  END
> <minimizedAffinity>
4.10669

> <minimizedRMSD>
10.71623

$$$$
mol_11653652_1


 30 34  0  0  0  0  0  0  0  0999 V2000
    0.4017    3.1890   -0.1601 N   0  0  0  0  0  0  0  0  0  0  0  0
    3.7976    5.5507    0.7082 C   0  0  0  0  0  0  0  0  0  0  0  0
    2.6551    4.7230    0.4187 C   0  0  0  0  0  0  0  0  0  0  0  0
    1.4198    5.3256   -0.0114 C   0  0  0  0  0  0  0  0  0  0  0  0
    0.3149    4.5252   -0.2914 N   0  0  0  0  0  0  0  0  0  0  0  0
    2.7532    3.2135    0.5671 C   0  0  0  0  0  0  0  0  0  0  0  0
    7.8072    3.2203   -0.6256 C   0  0  0  0  0  0  0  0  0  0  0  0
    8.9598    2.3623   -0.5293 C   0  0  0  0  0  0  0  0  0  0  0  0
    6.5333    2.7423    0.6543 C   0  0  0  0  0  0  0  0  0  0  0  0
    5.2423    3.3761    0.5783 C   0  0  0  0  0  0  0  0  0  0  0  0
    4.0442    2.5797    0.6429 C   0  0  0  0  0  0  0  0  0  0  0  0
    6.6313    1.2327    0.8026 C   0  0  0  0  0  0  0  0  0  0  0  0
    5.5367    0.5052    0.8617 N   0  0  0  0  0  0  0  0  0  0  0  0
    4.3087    1.1080    0.7894 O   0  0  0  0  0  0  0  0  0  0  0  0
    7.9939    0.5638    0.8827 C   0  0  0  0  0  0  0  0  0  0  0  0
    8.7790    0.8600   -0.3847 C   0  0  0  0  0  0  0  0  0  0  0  0
    3.4768    0.5550    0.8343 H   0  0  0  0  0  0  0  0  0  0  0  0
    1.8055    0.8378    1.3884 C   0  0  0  0  0  0  0  0  0  0  0  0
    1.7110    0.8601   -0.1285 C   0  0  0  0  0  0  0  0  0  0  0  0
   -2.4398    4.1103   -0.4747 C   0  0  0  0  0  0  0  0  0  0  0  0
   -1.8525    2.9193   -1.2142 C   0  0  0  0  0  0  0  0  0  0  0  0
   -0.7248    2.3728   -0.4456 N   0  0  0  0  0  0  0  0  0  0  0  0
   -0.7633    0.9815    0.0275 C   0  0  0  0  0  0  0  0  0  0  0  0
    0.4067    0.2127   -0.5644 C   0  0  0  0  0  0  0  0  0  0  0  0
    1.3218    6.8352   -0.1598 C   0  0  0  0  0  0  0  0  0  0  0  0
    2.6942    9.9106    1.4434 C   0  0  0  0  0  0  0  0  0  0  0  0
    3.5305    9.3406    2.4680 C   0  0  0  0  0  0  0  0  0  0  0  0
    3.6203    7.9573    2.6040 N   0  0  0  0  0  0  0  0  0  0  0  0
    2.9013    7.1254    1.7490 C   0  0  0  0  0  0  0  0  0  0  0  0
    2.0652    7.6955    0.7243 C   0  0  0  0  0  0  0  0  0  0  0  0
 18 19  1  0  0  0
 19 20  1  0  0  0
 20 21  1  0  0  0
 21 22  1  0  0  0
 22 23  1  0  0  0
 23 24  1  0  0  0
 19 24  1  0  0  0
 22  1  1  0  0  0
  1  2  1  0  0  0
  2  3  2  0  0  0
  3  4  1  0  0  0
  4  5  2  0  0  0
  1  5  1  0  0  0
  4 25  1  0  0  0
 25 26  2  0  0  0
 26 27  1  0  0  0
 27 28  2  0  0  0
 28 29  1  0  0  0
 29 30  2  0  0  0
 25 30  1  0  0  0
  3  6  1  0  0  0
  6  7  2  0  0  0
  7  8  1  0  0  0
  8  9  2  0  0  0
  9 10  1  0  0  0
 10 11  2  0  0  0
  6 11  1  0  0  0
  9 12  1  0  0  0
 12 13  2  0  0  0
 13 14  1  0  0  0
 12 15  1  0  0  0
 15 16  1  0  0  0
  8 16  1  0  0  0
 14 17  1  0  0  0
M  END
> <minimizedAffinity>
124.65108

> <minimizedRMSD>
2.67743

$$$$
mol_44587190_2


 30 34  0  0  0  0  0  0  0  0999 V2000
   -0.4481   -0.2199    3.5206 N   0  0  0  0  0  0  0  0  0  0  0  0
    0.8846    3.0784    1.2381 C   0  0  0  0  0  0  0  0  0  0  0  0
    0.4472    1.9625    2.0368 C   0  0  0  0  0  0  0  0  0  0  0  0
   -0.5193    1.0343    1.5092 C   0  0  0  0  0  0  0  0  0  0  0  0
   -0.9424   -0.0447    2.2816 N   0  0  0  0  0  0  0  0  0  0  0  0
    1.0056    1.7647    3.4366 C   0  0  0  0  0  0  0  0  0  0  0  0
    5.9056    2.0832    1.7473 C   0  0  0  0  0  0  0  0  0  0  0  0
    7.2341    2.2910    2.2629 C   0  0  0  0  0  0  0  0  0  0  0  0
    4.6362    2.7978    2.9165 C   0  0  0  0  0  0  0  0  0  0  0  0
    3.2497    2.5159    2.6478 C   0  0  0  0  0  0  0  0  0  0  0  0
    2.3921    2.0465    3.7053 C   0  0  0  0  0  0  0  0  0  0  0  0
    5.1945    2.5999    4.3164 C   0  0  0  0  0  0  0  0  0  0  0  0
    4.4111    2.1711    5.2825 N   0  0  0  0  0  0  0  0  0  0  0  0
    3.0922    1.9030    5.0268 O   0  0  0  0  0  0  0  0  0  0  0  0
    6.6579    2.8974    4.5999 C   0  0  0  0  0  0  0  0  0  0  0  0
    7.5332    2.0128    3.7270 C   0  0  0  0  0  0  0  0  0  0  0  0
    2.4968    1.5771    5.7612 H   0  0  0  0  0  0  0  0  0  0  0  0
   -1.2232    1.8085    5.7968 C   0  0  0  0  0  0  0  0  0  0  0  0
    0.0073    0.9213    5.8932 C   0  0  0  0  0  0  0  0  0  0  0  0
   -1.6061   -2.7993    2.5069 C   0  0  0  0  0  0  0  0  0  0  0  0
   -0.7798   -2.6874    3.7778 C   0  0  0  0  0  0  0  0  0  0  0  0
   -0.8795   -1.3200    4.3081 N   0  0  0  0  0  0  0  0  0  0  0  0
   -1.4254   -1.0915    5.6537 C   0  0  0  0  0  0  0  0  0  0  0  0
   -0.3762   -0.4106    6.5173 C   0  0  0  0  0  0  0  0  0  0  0  0
   -1.0777    1.2323    0.1094 C   0  0  0  0  0  0  0  0  0  0  0  0
   -1.0957   -0.5218   -3.1822 C   0  0  0  0  0  0  0  0  0  0  0  0
   -0.3155   -1.6934   -2.8772 C   0  0  0  0  0  0  0  0  0  0  0  0
    0.1963   -1.8747   -1.5946 N   0  0  0  0  0  0  0  0  0  0  0  0
   -0.0465   -0.9231   -0.6069 C   0  0  0  0  0  0  0  0  0  0  0  0
   -0.8267    0.2484   -0.9119 C   0  0  0  0  0  0  0  0  0  0  0  0
 18 19  1  0  0  0
 19 20  1  0  0  0
 20 21  1  0  0  0
 21 22  1  0  0  0
 22 23  1  0  0  0
 23 24  1  0  0  0
 19 24  1  0  0  0
 22  1  1  0  0  0
  1  2  1  0  0  0
  2  3  2  0  0  0
  3  4  1  0  0  0
  4  5  2  0  0  0
  1  5  1  0  0  0
  4 25  1  0  0  0
 25 26  2  0  0  0
 26 27  1  0  0  0
 27 28  2  0  0  0
 28 29  1  0  0  0
 29 30  2  0  0  0
 25 30  1  0  0  0
  3  6  1  0  0  0
  6  7  2  0  0  0
  7  8  1  0  0  0
  8  9  2  0  0  0
  9 10  1  0  0  0
 10 11  2  0  0  0
  6 11  1  0  0  0
  9 12  1  0  0  0
 12 13  2  0  0  0
 13 14  1  0  0  0
 12 15  1  0  0  0
 15 16  1  0  0  0
  8 16  1  0  0  0
 14 17  1  0  0  0
M  END
> <minimizedAffinity>
117.40501

> <minimizedRMSD>
6.14946

$$$$
mol_139592319_3


 30 34  0  0  0  0  0  0  0  0999 V2000
    0.3935    0.6917    3.1992 N   0  0  0  0  0  0  0  0  0  0  0  0
    3.9222    2.2323    4.9425 C   0  0  0  0  0  0  0  0  0  0  0  0
    2.7339    1.6845    4.3409 C   0  0  0  0  0  0  0  0  0  0  0  0
    1.5015    2.4289    4.3733 C   0  0  0  0  0  0  0  0  0  0  0  0
    0.3523    1.8990    3.7915 N   0  0  0  0  0  0  0  0  0  0  0  0
    2.7805    0.3204    3.6718 C   0  0  0  0  0  0  0  0  0  0  0  0
    7.9433    0.0355    4.1519 C   0  0  0  0  0  0  0  0  0  0  0  0
    9.0001   -0.9409    4.0899 C   0  0  0  0  0  0  0  0  0  0  0  0
    6.3172   -0.7925    4.5510 C   0  0  0  0  0  0  0  0  0  0  0  0
    5.1236    0.0093    4.4692 C   0  0  0  0  0  0  0  0  0  0  0  0
    3.9741   -0.4813    3.7535 C   0  0  0  0  0  0  0  0  0  0  0  0
    6.3637   -2.1565    3.8818 C   0  0  0  0  0  0  0  0  0  0  0  0
    5.3137   -2.6046    3.2279 N   0  0  0  0  0  0  0  0  0  0  0  0
    4.1783   -1.8420    3.1502 O   0  0  0  0  0  0  0  0  0  0  0  0
    7.6234   -3.0027    3.9681 C   0  0  0  0  0  0  0  0  0  0  0  0
    8.7850   -2.2472    3.3432 C   0  0  0  0  0  0  0  0  0  0  0  0
    3.3802   -2.1826    2.6533 H   0  0  0  0  0  0  0  0  0  0  0  0
    2.2022   -1.4181    1.7248 C   0  0  0  0  0  0  0  0  0  0  0  0
    1.5827   -0.2378    0.9944 C   0  0  0  0  0  0  0  0  0  0  0  0
   -2.3584    0.6404    4.4017 C   0  0  0  0  0  0  0  0  0  0  0  0
   -2.0920    0.7372    2.9083 C   0  0  0  0  0  0  0  0  0  0  0  0
   -0.7780    0.1514    2.6061 N   0  0  0  0  0  0  0  0  0  0  0  0
   -0.6770   -0.9936    1.6898 C   0  0  0  0  0  0  0  0  0  0  0  0
    0.1953   -0.6175    0.5031 C   0  0  0  0  0  0  0  0  0  0  0  0
    1.4549    3.7929    5.0425 C   0  0  0  0  0  0  0  0  0  0  0  0
    3.3509    5.7321    7.6032 C   0  0  0  0  0  0  0  0  0  0  0  0
    4.3805    4.7902    7.9590 C   0  0  0  0  0  0  0  0  0  0  0  0
    4.4232    3.5403    7.3459 N   0  0  0  0  0  0  0  0  0  0  0  0
    3.4701    3.2014    6.3885 C   0  0  0  0  0  0  0  0  0  0  0  0
    2.4404    4.1433    6.0324 C   0  0  0  0  0  0  0  0  0  0  0  0
 18 19  1  0  0  0
 19 20  1  0  0  0
 20 21  1  0  0  0
 21 22  1  0  0  0
 22 23  1  0  0  0
 23 24  1  0  0  0
 19 24  1  0  0  0
 22  1  1  0  0  0
  1  2  1  0  0  0
  2  3  2  0  0  0
  3  4  1  0  0  0
  4  5  2  0  0  0
  1  5  1  0  0  0
  4 25  1  0  0  0
 25 26  2  0  0  0
 26 27  1  0  0  0
 27 28  2  0  0  0
 28 29  1  0  0  0
 29 30  2  0  0  0
 25 30  1  0  0  0
  3  6  1  0  0  0
  6  7  2  0  0  0
  7  8  1  0  0  0
  8  9  2  0  0  0
  9 10  1  0  0  0
 10 11  2  0  0  0
  6 11  1  0  0  0
  9 12  1  0  0  0
 12 13  2  0  0  0
 13 14  1  0  0  0
 12 15  1  0  0  0
 15 16  1  0  0  0
  8 16  1  0  0  0
 14 17  1  0  0  0
M  END
> <minimizedAffinity>
123.07056

> <minimizedRMSD>
3.37371

$$$$
mol_135927350_4


 30 34  0  0  0  0  0  0  0  0999 V2000
    1.6168   -2.6167   -0.1547 N   0  0  0  0  0  0  0  0  0  0  0  0
   -2.1182   -4.4923   -0.7846 C   0  0  0  0  0  0  0  0  0  0  0  0
   -0.8571   -3.8285   -0.5764 C   0  0  0  0  0  0  0  0  0  0  0  0
    0.3006   -4.5893   -0.1823 C   0  0  0  0  0  0  0  0  0  0  0  0
    1.5201   -3.9474    0.0190 N   0  0  0  0  0  0  0  0  0  0  0  0
   -0.7480   -2.3253   -0.7725 C   0  0  0  0  0  0  0  0  0  0  0  0
    3.0848   -2.8506   -4.2365 C   0  0  0  0  0  0  0  0  0  0  0  0
    3.7579   -2.0860   -5.2547 C   0  0  0  0  0  0  0  0  0  0  0  0
    1.3746   -2.1635   -3.9329 C   0  0  0  0  0  0  0  0  0  0  0  0
    0.6326   -2.6922   -2.8175 C   0  0  0  0  0  0  0  0  0  0  0  0
   -0.0060   -1.7965   -1.8880 C   0  0  0  0  0  0  0  0  0  0  0  0
    1.4837   -0.6602   -4.1290 C   0  0  0  0  0  0  0  0  0  0  0  0
    0.9004    0.1581   -3.2798 N   0  0  0  0  0  0  0  0  0  0  0  0
    0.1946   -0.3449   -2.2188 O   0  0  0  0  0  0  0  0  0  0  0  0
    2.2668   -0.1022   -5.3062 C   0  0  0  0  0  0  0  0  0  0  0  0
    3.7114   -0.5670   -5.2198 C   0  0  0  0  0  0  0  0  0  0  0  0
   -0.2489    0.2770   -1.5733 H   0  0  0  0  0  0  0  0  0  0  0  0
    1.0443   -2.6593    2.9383 C   0  0  0  0  0  0  0  0  0  0  0  0
    0.9296   -1.3865    2.1153 C   0  0  0  0  0  0  0  0  0  0  0  0
    4.0815   -2.8886   -1.8497 C   0  0  0  0  0  0  0  0  0  0  0  0
    3.7093   -1.6202   -1.0995 C   0  0  0  0  0  0  0  0  0  0  0  0
    2.8602   -1.9623    0.0506 N   0  0  0  0  0  0  0  0  0  0  0  0
    3.2982   -1.6270    1.4132 C   0  0  0  0  0  0  0  0  0  0  0  0
    2.2830   -0.6971    2.0572 C   0  0  0  0  0  0  0  0  0  0  0  0
    0.1914   -6.0926    0.0139 C   0  0  0  0  0  0  0  0  0  0  0  0
    0.7846   -9.2283   -1.9167 C   0  0  0  0  0  0  0  0  0  0  0  0
    1.2405   -8.6977   -3.1756 C   0  0  0  0  0  0  0  0  0  0  0  0
    1.3405   -7.3202   -3.3555 N   0  0  0  0  0  0  0  0  0  0  0  0
    0.9997   -6.4557   -2.3178 C   0  0  0  0  0  0  0  0  0  0  0  0
    0.5438   -6.9864   -1.0590 C   0  0  0  0  0  0  0  0  0  0  0  0
 18 19  1  0  0  0
 19 20  1  0  0  0
 20 21  1  0  0  0
 21 22  1  0  0  0
 22 23  1  0  0  0
 23 24  1  0  0  0
 19 24  1  0  0  0
 22  1  1  0  0  0
  1  2  1  0  0  0
  2  3  2  0  0  0
  3  4  1  0  0  0
  4  5  2  0  0  0
  1  5  1  0  0  0
  4 25  1  0  0  0
 25 26  2  0  0  0
 26 27  1  0  0  0
 27 28  2  0  0  0
 28 29  1  0  0  0
 29 30  2  0  0  0
 25 30  1  0  0  0
  3  6  1  0  0  0
  6  7  2  0  0  0
  7  8  1  0  0  0
  8  9  2  0  0  0
  9 10  1  0  0  0
 10 11  2  0  0  0
  6 11  1  0  0  0
  9 12  1  0  0  0
 12 13  2  0  0  0
 13 14  1  0  0  0
 12 15  1  0  0  0
 15 16  1  0  0  0
  8 16  1  0  0  0
 14 17  1  0  0  0
M  END
> <minimizedAffinity>
94.70870

> <minimizedRMSD>
5.27670

$$$$
mol_91896025_5


 30 34  0  0  0  0  0  0  0  0999 V2000
   -0.9810   -1.4257   -5.4596 N   0  0  0  0  0  0  0  0  0  0  0  0
    2.2805   -2.9902   -3.2733 C   0  0  0  0  0  0  0  0  0  0  0  0
    1.1588   -2.4463   -3.9947 C   0  0  0  0  0  0  0  0  0  0  0  0
    1.0493   -2.6504   -5.4161 C   0  0  0  0  0  0  0  0  0  0  0  0
   -0.0354   -2.1245   -6.1136 N   0  0  0  0  0  0  0  0  0  0  0  0
    0.0906   -1.6569   -3.2557 C   0  0  0  0  0  0  0  0  0  0  0  0
    1.8736   -3.1882    1.3748 C   0  0  0  0  0  0  0  0  0  0  0  0
    1.7692   -2.8294    2.7657 C   0  0  0  0  0  0  0  0  0  0  0  0
    1.4758   -1.7179    0.2935 C   0  0  0  0  0  0  0  0  0  0  0  0
    1.3515   -1.9469   -1.1230 C   0  0  0  0  0  0  0  0  0  0  0  0
    0.2150   -1.4279   -1.8393 C   0  0  0  0  0  0  0  0  0  0  0  0
    0.4075   -0.9285    1.0324 C   0  0  0  0  0  0  0  0  0  0  0  0
   -0.6307   -0.4544    0.3780 N   0  0  0  0  0  0  0  0  0  0  0  0
   -0.7490   -0.6722   -0.9693 O   0  0  0  0  0  0  0  0  0  0  0  0
    0.5388   -0.6869    2.5273 C   0  0  0  0  0  0  0  0  0  0  0  0
    0.5785   -2.0209    3.2547 C   0  0  0  0  0  0  0  0  0  0  0  0
   -1.5381   -0.3118   -1.4668 H   0  0  0  0  0  0  0  0  0  0  0  0
   -1.3019    0.7282   -3.1895 C   0  0  0  0  0  0  0  0  0  0  0  0
   -2.2560   -0.4473   -3.3251 C   0  0  0  0  0  0  0  0  0  0  0  0
   -1.3604   -1.4256   -8.4392 C   0  0  0  0  0  0  0  0  0  0  0  0
   -2.5062   -1.4952   -7.4429 C   0  0  0  0  0  0  0  0  0  0  0  0
   -2.0870   -0.8895   -6.1708 N   0  0  0  0  0  0  0  0  0  0  0  0
   -2.8126    0.2712   -5.6350 C   0  0  0  0  0  0  0  0  0  0  0  0
   -3.3865   -0.0757   -4.2708 C   0  0  0  0  0  0  0  0  0  0  0  0
    2.1176   -3.4399   -6.1550 C   0  0  0  0  0  0  0  0  0  0  0  0
    4.1051   -3.2130   -9.3030 C   0  0  0  0  0  0  0  0  0  0  0  0
    3.6058   -1.9820   -9.8591 C   0  0  0  0  0  0  0  0  0  0  0  0
    2.6268   -1.2586   -9.1820 N   0  0  0  0  0  0  0  0  0  0  0  0
    2.1309   -1.7257   -7.9672 C   0  0  0  0  0  0  0  0  0  0  0  0
    2.6304   -2.9568   -7.4112 C   0  0  0  0  0  0  0  0  0  0  0  0
 18 19  1  0  0  0
 19 20  1  0  0  0
 20 21  1  0  0  0
 21 22  1  0  0  0
 22 23  1  0  0  0
 23 24  1  0  0  0
 19 24  1  0  0  0
 22  1  1  0  0  0
  1  2  1  0  0  0
  2  3  2  0  0  0
  3  4  1  0  0  0
  4  5  2  0  0  0
  1  5  1  0  0  0
  4 25  1  0  0  0
 25 26  2  0  0  0
 26 27  1  0  0  0
 27 28  2  0  0  0
 28 29  1  0  0  0
 29 30  2  0  0  0
 25 30  1  0  0  0
  3  6  1  0  0  0
  6  7  2  0  0  0
  7  8  1  0  0  0
  8  9  2  0  0  0
  9 10  1  0  0  0
 10 11  2  0  0  0
  6 11  1  0  0  0
  9 12  1  0  0  0
 12 13  2  0  0  0
 13 14  1  0  0  0
 12 15  1  0  0  0
 15 16  1  0  0  0
  8 16  1  0  0  0
 14 17  1  0  0  0
M  END
> <minimizedAffinity>
72.92634

> <minimizedRMSD>
4.55109

$$$$
mol_91896028_6


 30 34  0  0  0  0  0  0  0  0999 V2000
    0.4430    3.1891    0.5318 N   0  0  0  0  0  0  0  0  0  0  0  0
    4.4200    2.8285    1.9168 C   0  0  0  0  0  0  0  0  0  0  0  0
    3.0610    2.9242    1.4500 C   0  0  0  0  0  0  0  0  0  0  0  0
    2.5479    4.1854    0.9805 C   0  0  0  0  0  0  0  0  0  0  0  0
    1.2335    4.2778    0.5291 N   0  0  0  0  0  0  0  0  0  0  0  0
    2.1679    1.6941    1.4532 C   0  0  0  0  0  0  0  0  0  0  0  0
    6.2470   -1.5179    1.3571 C   0  0  0  0  0  0  0  0  0  0  0  0
    6.5614   -2.9020    1.6011 C   0  0  0  0  0  0  0  0  0  0  0  0
    4.6988   -1.0310    2.2819 C   0  0  0  0  0  0  0  0  0  0  0  0
    4.1372    0.2659    2.0047 C   0  0  0  0  0  0  0  0  0  0  0  0
    2.7295    0.3972    1.7304 C   0  0  0  0  0  0  0  0  0  0  0  0
    3.8058   -2.2611    2.2851 C   0  0  0  0  0  0  0  0  0  0  0  0
    2.5199   -2.1410    2.0345 N   0  0  0  0  0  0  0  0  0  0  0  0
    1.9856   -0.9073    1.7708 O   0  0  0  0  0  0  0  0  0  0  0  0
    4.3985   -3.6298    2.5776 C   0  0  0  0  0  0  0  0  0  0  0  0
    5.4641   -3.9522    1.5427 C   0  0  0  0  0  0  0  0  0  0  0  0
    1.0081   -0.8160    1.5803 H   0  0  0  0  0  0  0  0  0  0  0  0
   -0.1232    0.3817    1.8333 C   0  0  0  0  0  0  0  0  0  0  0  0
    0.0163    0.5592    0.3302 C   0  0  0  0  0  0  0  0  0  0  0  0
   -1.1505    5.7096    0.1720 C   0  0  0  0  0  0  0  0  0  0  0  0
   -1.3332    4.4667   -0.6835 C   0  0  0  0  0  0  0  0  0  0  0  0
   -0.8971    3.2834    0.0717 N   0  0  0  0  0  0  0  0  0  0  0  0
   -1.8481    2.1978    0.3507 C   0  0  0  0  0  0  0  0  0  0  0  0
   -1.3378    0.9060   -0.2669 C   0  0  0  0  0  0  0  0  0  0  0  0
    3.4409    5.4153    0.9773 C   0  0  0  0  0  0  0  0  0  0  0  0
    6.9230    6.3614    1.9215 C   0  0  0  0  0  0  0  0  0  0  0  0
    7.4311    5.1038    2.4060 C   0  0  0  0  0  0  0  0  0  0  0  0
    6.6129    3.9768    2.4088 N   0  0  0  0  0  0  0  0  0  0  0  0
    5.3032    4.0657    1.9432 C   0  0  0  0  0  0  0  0  0  0  0  0
    4.7951    5.3233    1.4588 C   0  0  0  0  0  0  0  0  0  0  0  0
 18 19  1  0  0  0
 19 20  1  0  0  0
 20 21  1  0  0  0
 21 22  1  0  0  0
 22 23  1  0  0  0
 23 24  1  0  0  0
 19 24  1  0  0  0
 22  1  1  0  0  0
  1  2  1  0  0  0
  2  3  2  0  0  0
  3  4  1  0  0  0
  4  5  2  0  0  0
  1  5  1  0  0  0
  4 25  1  0  0  0
 25 26  2  0  0  0
 26 27  1  0  0  0
 27 28  2  0  0  0
 28 29  1  0  0  0
 29 30  2  0  0  0
 25 30  1  0  0  0
  3  6  1  0  0  0
  6  7  2  0  0  0
  7  8  1  0  0  0
  8  9  2  0  0  0
  9 10  1  0  0  0
 10 11  2  0  0  0
  6 11  1  0  0  0
  9 12  1  0  0  0
 12 13  2  0  0  0
 13 14  1  0  0  0
 12 15  1  0  0  0
 15 16  1  0  0  0
  8 16  1  0  0  0
 14 17  1  0  0  0
M  END
> <minimizedAffinity>
117.83038

> <minimizedRMSD>
2.17476

$$$$
mol_11624965_7


 30 34  0  0  0  0  0  0  0  0999 V2000
    0.4123   -1.0186   -3.1983 N   0  0  0  0  0  0  0  0  0  0  0  0
    3.9890   -2.3319   -5.0276 C   0  0  0  0  0  0  0  0  0  0  0  0
    2.7847   -1.8784   -4.3811 C   0  0  0  0  0  0  0  0  0  0  0  0
    1.5306   -1.9138   -5.0883 C   0  0  0  0  0  0  0  0  0  0  0  0
    0.3659   -1.4752   -4.4630 N   0  0  0  0  0  0  0  0  0  0  0  0
    2.8372   -1.3625   -2.9523 C   0  0  0  0  0  0  0  0  0  0  0  0
    7.9296   -2.3092   -2.5820 C   0  0  0  0  0  0  0  0  0  0  0  0
    9.0548   -1.9585   -1.7543 C   0  0  0  0  0  0  0  0  0  0  0  0
    6.5979   -1.0057   -2.4533 C   0  0  0  0  0  0  0  0  0  0  0  0
    5.3278   -1.2875   -3.0708 C   0  0  0  0  0  0  0  0  0  0  0  0
    4.1073   -1.0807   -2.3347 C   0  0  0  0  0  0  0  0  0  0  0  0
    6.6504   -0.4898   -1.0244 C   0  0  0  0  0  0  0  0  0  0  0  0
    5.5355   -0.3007   -0.3519 N   0  0  0  0  0  0  0  0  0  0  0  0
    4.3272   -0.5689   -0.9394 O   0  0  0  0  0  0  0  0  0  0  0  0
    7.9909   -0.1922   -0.3726 C   0  0  0  0  0  0  0  0  0  0  0  0
    8.8291   -1.4597   -0.3364 C   0  0  0  0  0  0  0  0  0  0  0  0
    3.4799   -0.4252   -0.4283 H   0  0  0  0  0  0  0  0  0  0  0  0
    1.9730   -1.0024   -0.4669 C   0  0  0  0  0  0  0  0  0  0  0  0
    0.9494   -2.0746   -0.8035 C   0  0  0  0  0  0  0  0  0  0  0  0
   -1.7328    0.6962   -4.4146 C   0  0  0  0  0  0  0  0  0  0  0  0
   -1.9966   -0.3560   -3.3498 C   0  0  0  0  0  0  0  0  0  0  0  0
   -0.7751   -0.5715   -2.5608 N   0  0  0  0  0  0  0  0  0  0  0  0
   -0.7830   -0.3241   -1.1118 C   0  0  0  0  0  0  0  0  0  0  0  0
   -0.4326   -1.6076   -0.3767 C   0  0  0  0  0  0  0  0  0  0  0  0
    1.4781   -2.4297   -6.5172 C   0  0  0  0  0  0  0  0  0  0  0  0
    3.7593   -3.9728   -9.0324 C   0  0  0  0  0  0  0  0  0  0  0  0
    4.9932   -4.0281   -8.2917 C   0  0  0  0  0  0  0  0  0  0  0  0
    5.0414   -3.5554   -6.9825 N   0  0  0  0  0  0  0  0  0  0  0  0
    3.8961   -3.0291   -6.3895 C   0  0  0  0  0  0  0  0  0  0  0  0
    2.6622   -2.9738   -7.1303 C   0  0  0  0  0  0  0  0  0  0  0  0
 18 19  1  0  0  0
 19 20  1  0  0  0
 20 21  1  0  0  0
 21 22  1  0  0  0
 22 23  1  0  0  0
 23 24  1  0  0  0
 19 24  1  0  0  0
 22  1  1  0  0  0
  1  2  1  0  0  0
  2  3  2  0  0  0
  3  4  1  0  0  0
  4  5  2  0  0  0
  1  5  1  0  0  0
  4 25  1  0  0  0
 25 26  2  0  0  0
 26 27  1  0  0  0
 27 28  2  0  0  0
 28 29  1  0  0  0
 29 30  2  0  0  0
 25 30  1  0  0  0
  3  6  1  0  0  0
  6  7  2  0  0  0
  7  8  1  0  0  0
  8  9  2  0  0  0
  9 10  1  0  0  0
 10 11  2  0  0  0
  6 11  1  0  0  0
  9 12  1  0  0  0
 12 13  2  0  0  0
 13 14  1  0  0  0
 12 15  1  0  0  0
 15 16  1  0  0  0
  8 16  1  0  0  0
 14 17  1  0  0  0
M  END
> <minimizedAffinity>
94.96305

> <minimizedRMSD>
2.12354

$$$$
mol_54586539_8


 30 34  0  0  0  0  0  0  0  0999 V2000
    3.1999   -3.1974   -6.0665 N   0  0  0  0  0  0  0  0  0  0  0  0
    1.6018   -2.2791   -2.2628 C   0  0  0  0  0  0  0  0  0  0  0  0
    2.1300   -2.6147   -3.5599 C   0  0  0  0  0  0  0  0  0  0  0  0
    3.1266   -1.7737   -4.1712 C   0  0  0  0  0  0  0  0  0  0  0  0
    3.6375   -2.0982   -5.4257 N   0  0  0  0  0  0  0  0  0  0  0  0
    1.6357   -3.8564   -4.2838 C   0  0  0  0  0  0  0  0  0  0  0  0
   -2.4922   -1.3489   -6.1914 C   0  0  0  0  0  0  0  0  0  0  0  0
   -3.4898   -1.4980   -7.2194 C   0  0  0  0  0  0  0  0  0  0  0  0
   -0.9679   -2.3411   -6.6171 C   0  0  0  0  0  0  0  0  0  0  0  0
    0.0561   -2.4540   -5.6107 C   0  0  0  0  0  0  0  0  0  0  0  0
    0.6117   -3.7434   -5.2902 C   0  0  0  0  0  0  0  0  0  0  0  0
   -1.4622   -3.5827   -7.3411 C   0  0  0  0  0  0  0  0  0  0  0  0
   -0.9547   -4.7607   -7.0484 N   0  0  0  0  0  0  0  0  0  0  0  0
    0.0194   -4.8682   -6.0910 O   0  0  0  0  0  0  0  0  0  0  0  0
   -2.5430   -3.4636   -8.4033 C   0  0  0  0  0  0  0  0  0  0  0  0
   -3.7999   -2.8750   -7.7834 C   0  0  0  0  0  0  0  0  0  0  0  0
    0.4052   -5.7636   -5.8685 H   0  0  0  0  0  0  0  0  0  0  0  0
    1.6550   -0.7271   -7.2525 C   0  0  0  0  0  0  0  0  0  0  0  0
    1.1873   -2.1551   -7.4813 C   0  0  0  0  0  0  0  0  0  0  0  0
    5.8418   -4.5078   -6.6366 C   0  0  0  0  0  0  0  0  0  0  0  0
    4.6047   -4.6924   -7.5003 C   0  0  0  0  0  0  0  0  0  0  0  0
    3.7208   -3.5282   -7.3454 N   0  0  0  0  0  0  0  0  0  0  0  0
    3.3760   -2.7063   -8.5144 C   0  0  0  0  0  0  0  0  0  0  0  0
    1.8695   -2.7199   -8.7167 C   0  0  0  0  0  0  0  0  0  0  0  0
    3.6210   -0.5319   -3.4473 C   0  0  0  0  0  0  0  0  0  0  0  0
    4.9200    2.8671   -4.2665 C   0  0  0  0  0  0  0  0  0  0  0  0
    4.8817    2.8400   -5.7059 C   0  0  0  0  0  0  0  0  0  0  0  0
    4.4287    1.7020   -6.3692 N   0  0  0  0  0  0  0  0  0  0  0  0
    4.0127    0.5905   -5.6404 C   0  0  0  0  0  0  0  0  0  0  0  0
    4.0511    0.6176   -4.2009 C   0  0  0  0  0  0  0  0  0  0  0  0
 18 19  1  0  0  0
 19 20  1  0  0  0
 20 21  1  0  0  0
 21 22  1  0  0  0
 22 23  1  0  0  0
 23 24  1  0  0  0
 19 24  1  0  0  0
 22  1  1  0  0  0
  1  2  1  0  0  0
  2  3  2  0  0  0
  3  4  1  0  0  0
  4  5  2  0  0  0
  1  5  1  0  0  0
  4 25  1  0  0  0
 25 26  2  0  0  0
 26 27  1  0  0  0
 27 28  2  0  0  0
 28 29  1  0  0  0
 29 30  2  0  0  0
 25 30  1  0  0  0
  3  6  1  0  0  0
  6  7  2  0  0  0
  7  8  1  0  0  0
  8  9  2  0  0  0
  9 10  1  0  0  0
 10 11  2  0  0  0
  6 11  1  0  0  0
  9 12  1  0  0  0
 12 13  2  0  0  0
 13 14  1  0  0  0
 12 15  1  0  0  0
 15 16  1  0  0  0
  8 16  1  0  0  0
 14 17  1  0  0  0
M  END
> <minimizedAffinity>
44.42317

> <minimizedRMSD>
8.35731

$$$$
mol_11717001_9


 30 34  0  0  0  0  0  0  0  0999 V2000
    0.6235    4.2818   -0.0268 N   0  0  0  0  0  0  0  0  0  0  0  0
    3.2612    2.9682    3.0033 C   0  0  0  0  0  0  0  0  0  0  0  0
    2.3453    3.3945    1.9770 C   0  0  0  0  0  0  0  0  0  0  0  0
    2.6453    4.5573    1.1819 C   0  0  0  0  0  0  0  0  0  0  0  0
    1.7595    4.9697    0.1893 N   0  0  0  0  0  0  0  0  0  0  0  0
    1.0620    2.6175    1.7329 C   0  0  0  0  0  0  0  0  0  0  0  0
    3.6082   -1.2400   -0.6340 C   0  0  0  0  0  0  0  0  0  0  0  0
    3.4044   -2.6090   -1.0324 C   0  0  0  0  0  0  0  0  0  0  0  0
    2.4584   -0.7943    0.7690 C   0  0  0  0  0  0  0  0  0  0  0  0
    2.3982    0.5884    1.1674 C   0  0  0  0  0  0  0  0  0  0  0  0
    1.1221    1.2347    1.3344 C   0  0  0  0  0  0  0  0  0  0  0  0
    1.1751   -1.5715    0.5248 C   0  0  0  0  0  0  0  0  0  0  0  0
    0.0094   -0.9810    0.6775 N   0  0  0  0  0  0  0  0  0  0  0  0
   -0.0479    0.3343    1.0565 O   0  0  0  0  0  0  0  0  0  0  0  0
    1.2386   -3.0307    0.1044 C   0  0  0  0  0  0  0  0  0  0  0  0
    1.9939   -3.1471   -1.2095 C   0  0  0  0  0  0  0  0  0  0  0  0
   -0.9340    0.7832    1.1724 H   0  0  0  0  0  0  0  0  0  0  0  0
    2.5110    2.9487   -2.1613 C   0  0  0  0  0  0  0  0  0  0  0  0
    2.4352    4.4563   -1.9828 C   0  0  0  0  0  0  0  0  0  0  0  0
   -2.3493    4.6077    0.2529 C   0  0  0  0  0  0  0  0  0  0  0  0
   -1.4921    5.4505   -0.6771 C   0  0  0  0  0  0  0  0  0  0  0  0
   -0.2796    4.7023   -1.0387 N   0  0  0  0  0  0  0  0  0  0  0  0
   -0.0020    4.3890   -2.4479 C   0  0  0  0  0  0  0  0  0  0  0  0
    1.3222    5.0145   -2.8546 C   0  0  0  0  0  0  0  0  0  0  0  0
    3.9286    5.3345    1.4259 C   0  0  0  0  0  0  0  0  0  0  0  0
    7.4683    4.6776    2.4010 C   0  0  0  0  0  0  0  0  0  0  0  0
    7.4540    3.2454    2.5519 C   0  0  0  0  0  0  0  0  0  0  0  0
    6.2781    2.5334    2.3282 N   0  0  0  0  0  0  0  0  0  0  0  0
    5.1160    3.2063    1.9587 C   0  0  0  0  0  0  0  0  0  0  0  0
    5.1303    4.6385    1.8080 C   0  0  0  0  0  0  0  0  0  0  0  0
 18 19  1  0  0  0
 19 20  1  0  0  0
 20 21  1  0  0  0
 21 22  1  0  0  0
 22 23  1  0  0  0
 23 24  1  0  0  0
 19 24  1  0  0  0
 22  1  1  0  0  0
  1  2  1  0  0  0
  2  3  2  0  0  0
  3  4  1  0  0  0
  4  5  2  0  0  0
  1  5  1  0  0  0
  4 25  1  0  0  0
 25 26  2  0  0  0
 26 27  1  0  0  0
 27 28  2  0  0  0
 28 29  1  0  0  0
 29 30  2  0  0  0
 25 30  1  0  0  0
  3  6  1  0  0  0
  6  7  2  0  0  0
  7  8  1  0  0  0
  8  9  2  0  0  0
  9 10  1  0  0  0
 10 11  2  0  0  0
  6 11  1  0  0  0
  9 12  1  0  0  0
 12 13  2  0  0  0
 13 14  1  0  0  0
 12 15  1  0  0  0
 15 16  1  0  0  0
  8 16  1  0  0  0
 14 17  1  0  0  0
M  END
> <minimizedAffinity>
112.75142

> <minimizedRMSD>
4.49473

$$$$
mol_135438492_10


 30 34  0  0  0  0  0  0  0  0999 V2000
    0.9794    1.9281    1.0279 N   0  0  0  0  0  0  0  0  0  0  0  0
    4.5199    0.7443   -0.9541 C   0  0  0  0  0  0  0  0  0  0  0  0
    3.3290    1.1579   -0.2578 C   0  0  0  0  0  0  0  0  0  0  0  0
    2.0337    0.9095   -0.8363 C   0  0  0  0  0  0  0  0  0  0  0  0
    0.8819    1.3095   -0.1629 N   0  0  0  0  0  0  0  0  0  0  0  0
    3.4392    1.8566    1.0876 C   0  0  0  0  0  0  0  0  0  0  0  0
    8.5620    2.5177    0.5537 C   0  0  0  0  0  0  0  0  0  0  0  0
    9.6343    3.2949    1.1196 C   0  0  0  0  0  0  0  0  0  0  0  0
    6.9248    3.3740    0.8276 C   0  0  0  0  0  0  0  0  0  0  0  0
    5.7282    2.6476    0.4894 C   0  0  0  0  0  0  0  0  0  0  0  0
    4.6358    2.5831    1.4259 C   0  0  0  0  0  0  0  0  0  0  0  0
    7.0349    4.0727    2.1730 C   0  0  0  0  0  0  0  0  0  0  0  0
    6.0371    4.0139    3.0285 N   0  0  0  0  0  0  0  0  0  0  0  0
    4.8987    3.3228    2.7067 O   0  0  0  0  0  0  0  0  0  0  0  0
    8.2979    4.8395    2.5301 C   0  0  0  0  0  0  0  0  0  0  0  0
    9.4877    3.8938    2.5089 C   0  0  0  0  0  0  0  0  0  0  0  0
    4.1404    3.2782    3.3569 H   0  0  0  0  0  0  0  0  0  0  0  0
    1.4242   -0.4442    3.0455 C   0  0  0  0  0  0  0  0  0  0  0  0
    0.3420   -0.4860    1.9790 C   0  0  0  0  0  0  0  0  0  0  0  0
   -0.0701    4.7324    1.2643 C   0  0  0  0  0  0  0  0  0  0  0  0
   -0.9579    3.4988    1.2385 C   0  0  0  0  0  0  0  0  0  0  0  0
   -0.1947    2.3360    1.7144 N   0  0  0  0  0  0  0  0  0  0  0  0
   -0.6471    1.5954    2.9009 C   0  0  0  0  0  0  0  0  0  0  0  0
   -0.9276    0.1509    2.5201 C   0  0  0  0  0  0  0  0  0  0  0  0
    1.9236    0.2108   -2.1817 C   0  0  0  0  0  0  0  0  0  0  0  0
    1.7839   -3.2592   -3.5422 C   0  0  0  0  0  0  0  0  0  0  0  0
    1.8685   -4.0359   -2.3323 C   0  0  0  0  0  0  0  0  0  0  0  0
    1.9695   -3.3957   -1.0994 N   0  0  0  0  0  0  0  0  0  0  0  0
    1.9885   -2.0044   -1.0367 C   0  0  0  0  0  0  0  0  0  0  0  0
    1.9038   -1.2278   -2.2465 C   0  0  0  0  0  0  0  0  0  0  0  0
 18 19  1  0  0  0
 19 20  1  0  0  0
 20 21  1  0  0  0
 21 22  1  0  0  0
 22 23  1  0  0  0
 23 24  1  0  0  0
 19 24  1  0  0  0
 22  1  1  0  0  0
  1  2  1  0  0  0
  2  3  2  0  0  0
  3  4  1  0  0  0
  4  5  2  0  0  0
  1  5  1  0  0  0
  4 25  1  0  0  0
 25 26  2  0  0  0
 26 27  1  0  0  0
 27 28  2  0  0  0
 28 29  1  0  0  0
 29 30  2  0  0  0
 25 30  1  0  0  0
  3  6  1  0  0  0
  6  7  2  0  0  0
  7  8  1  0  0  0
  8  9  2  0  0  0
  9 10  1  0  0  0
 10 11  2  0  0  0
  6 11  1  0  0  0
  9 12  1  0  0  0
 12 13  2  0  0  0
 13 14  1  0  0  0
 12 15  1  0  0  0
 15 16  1  0  0  0
  8 16  1  0  0  0
 14 17  1  0  0  0
M  END
> <minimizedAffinity>
112.91777

> <minimizedRMSD>
5.90355

$$$$
mol_89659642_11


 30 34  0  0  0  0  0  0  0  0999 V2000
    0.3333   -3.0943   -0.0600 N   0  0  0  0  0  0  0  0  0  0  0  0
    4.1868   -4.8192   -0.2584 C   0  0  0  0  0  0  0  0  0  0  0  0
    2.8847   -4.2090   -0.1782 C   0  0  0  0  0  0  0  0  0  0  0  0
    1.7322   -4.9007   -0.6955 C   0  0  0  0  0  0  0  0  0  0  0  0
    0.4730   -4.3106   -0.6180 N   0  0  0  0  0  0  0  0  0  0  0  0
    2.7268   -2.8349    0.4521 C   0  0  0  0  0  0  0  0  0  0  0  0
    7.5915   -2.8850    2.2681 C   0  0  0  0  0  0  0  0  0  0  0  0
    8.5790   -1.9755    2.7893 C   0  0  0  0  0  0  0  0  0  0  0  0
    6.3597   -1.9668    1.2057 C   0  0  0  0  0  0  0  0  0  0  0  0
    5.1987   -2.6901    0.7554 C   0  0  0  0  0  0  0  0  0  0  0  0
    3.8880   -2.1115    0.9024 C   0  0  0  0  0  0  0  0  0  0  0  0
    6.2019   -0.5927    1.8362 C   0  0  0  0  0  0  0  0  0  0  0  0
    5.0046   -0.0641    1.9704 N   0  0  0  0  0  0  0  0  0  0  0  0
    3.9000   -0.7522    1.5420 O   0  0  0  0  0  0  0  0  0  0  0  0
    7.4272    0.1707    2.3115 C   0  0  0  0  0  0  0  0  0  0  0  0
    8.1486   -0.6406    3.3753 C   0  0  0  0  0  0  0  0  0  0  0  0
    2.9900   -0.3505    1.6440 H   0  0  0  0  0  0  0  0  0  0  0  0
    1.5120   -1.0229    1.9933 C   0  0  0  0  0  0  0  0  0  0  0  0
    0.6003   -2.1587    2.4284 C   0  0  0  0  0  0  0  0  0  0  0  0
   -1.7172   -2.9624   -2.2510 C   0  0  0  0  0  0  0  0  0  0  0  0
   -2.0652   -3.0323   -0.7729 C   0  0  0  0  0  0  0  0  0  0  0  0
   -0.9505   -2.4926    0.0190 N   0  0  0  0  0  0  0  0  0  0  0  0
   -1.1649   -1.3301    0.8927 C   0  0  0  0  0  0  0  0  0  0  0  0
   -0.8490   -1.7112    2.3298 C   0  0  0  0  0  0  0  0  0  0  0  0
    1.8901   -6.2749   -1.3258 C   0  0  0  0  0  0  0  0  0  0  0  0
    4.5102   -8.8997   -1.7221 C   0  0  0  0  0  0  0  0  0  0  0  0
    5.6190   -8.2920   -1.0326 C   0  0  0  0  0  0  0  0  0  0  0  0
    5.4744   -7.0329   -0.4549 N   0  0  0  0  0  0  0  0  0  0  0  0
    4.2574   -6.3614   -0.5442 C   0  0  0  0  0  0  0  0  0  0  0  0
    3.1485   -6.9691   -1.2336 C   0  0  0  0  0  0  0  0  0  0  0  0
 18 19  1  0  0  0
 19 20  1  0  0  0
 20 21  1  0  0  0
 21 22  1  0  0  0
 22 23  1  0  0  0
 23 24  1  0  0  0
 19 24  1  0  0  0
 22  1  1  0  0  0
  1  2  1  0  0  0
  2  3  2  0  0  0
  3  4  1  0  0  0
  4  5  2  0  0  0
  1  5  1  0  0  0
  4 25  1  0  0  0
 25 26  2  0  0  0
 26 27  1  0  0  0
 27 28  2  0  0  0
 28 29  1  0  0  0
 29 30  2  0  0  0
 25 30  1  0  0  0
  3  6  1  0  0  0
  6  7  2  0  0  0
  7  8  1  0  0  0
  8  9  2  0  0  0
  9 10  1  0  0  0
 10 11  2  0  0  0
  6 11  1  0  0  0
  9 12  1  0  0  0
 12 13  2  0  0  0
 13 14  1  0  0  0
 12 15  1  0  0  0
 15 16  1  0  0  0
  8 16  1  0  0  0
 14 17  1  0  0  0
M  END
> <minimizedAffinity>
119.76008

> <minimizedRMSD>
1.90247

$$$$
mol_44587235_12


 30 34  0  0  0  0  0  0  0  0999 V2000
    0.5943    1.3243    2.5467 N   0  0  0  0  0  0  0  0  0  0  0  0
    4.5840    2.6196    2.0276 C   0  0  0  0  0  0  0  0  0  0  0  0
    3.2324    2.1522    2.1977 C   0  0  0  0  0  0  0  0  0  0  0  0
    2.1949    3.0739    2.5828 C   0  0  0  0  0  0  0  0  0  0  0  0
    0.8877    2.6218    2.7473 N   0  0  0  0  0  0  0  0  0  0  0  0
    2.9010    0.6862    1.9711 C   0  0  0  0  0  0  0  0  0  0  0  0
    7.5436   -0.8443    3.7229 C   0  0  0  0  0  0  0  0  0  0  0  0
    8.2028   -2.0361    4.1911 C   0  0  0  0  0  0  0  0  0  0  0  0
    5.6948   -0.9967    3.9413 C   0  0  0  0  0  0  0  0  0  0  0  0
    4.8682    0.0273    3.3562 C   0  0  0  0  0  0  0  0  0  0  0  0
    3.7276   -0.3378    2.5562 C   0  0  0  0  0  0  0  0  0  0  0  0
    5.3634   -2.4626    3.7146 C   0  0  0  0  0  0  0  0  0  0  0  0
    4.3214   -2.7962    2.9839 N   0  0  0  0  0  0  0  0  0  0  0  0
    3.5350   -1.8222    2.4273 O   0  0  0  0  0  0  0  0  0  0  0  0
    6.2357   -3.5434    4.3322 C   0  0  0  0  0  0  0  0  0  0  0  0
    7.6579   -3.4041    3.8141 C   0  0  0  0  0  0  0  0  0  0  0  0
    2.7430   -2.0756    1.8719 H   0  0  0  0  0  0  0  0  0  0  0  0
    1.2964   -1.1420    0.7243 C   0  0  0  0  0  0  0  0  0  0  0  0
    0.4430    0.0121    0.2240 C   0  0  0  0  0  0  0  0  0  0  0  0
   -1.1515    1.7410    4.9549 C   0  0  0  0  0  0  0  0  0  0  0  0
   -1.6842    1.6328    3.5354 C   0  0  0  0  0  0  0  0  0  0  0  0
   -0.7383    0.8634    2.7144 N   0  0  0  0  0  0  0  0  0  0  0  0
   -1.1719   -0.3831    2.0671 C   0  0  0  0  0  0  0  0  0  0  0  0
   -1.0153   -0.2530    0.5608 C   0  0  0  0  0  0  0  0  0  0  0  0
    2.5262    4.5399    2.8095 C   0  0  0  0  0  0  0  0  0  0  0  0
    5.2913    6.9384    2.0930 C   0  0  0  0  0  0  0  0  0  0  0  0
    6.2286    6.0857    1.4084 C   0  0  0  0  0  0  0  0  0  0  0  0
    5.9250    4.7424    1.2007 N   0  0  0  0  0  0  0  0  0  0  0  0
    4.7149    4.2236    1.6550 C   0  0  0  0  0  0  0  0  0  0  0  0
    3.7776    5.0763    2.3397 C   0  0  0  0  0  0  0  0  0  0  0  0
 18 19  1  0  0  0
 19 20  1  0  0  0
 20 21  1  0  0  0
 21 22  1  0  0  0
 22 23  1  0  0  0
 23 24  1  0  0  0
 19 24  1  0  0  0
 22  1  1  0  0  0
  1  2  1  0  0  0
  2  3  2  0  0  0
  3  4  1  0  0  0
  4  5  2  0  0  0
  1  5  1  0  0  0
  4 25  1  0  0  0
 25 26  2  0  0  0
 26 27  1  0  0  0
 27 28  2  0  0  0
 28 29  1  0  0  0
 29 30  2  0  0  0
 25 30  1  0  0  0
  3  6  1  0  0  0
  6  7  2  0  0  0
  7  8  1  0  0  0
  8  9  2  0  0  0
  9 10  1  0  0  0
 10 11  2  0  0  0
  6 11  1  0  0  0
  9 12  1  0  0  0
 12 13  2  0  0  0
 13 14  1  0  0  0
 12 15  1  0  0  0
 15 16  1  0  0  0
  8 16  1  0  0  0
 14 17  1  0  0  0
M  END
> <minimizedAffinity>
109.67561

> <minimizedRMSD>
3.30654

$$$$
mol_60146017_13


 30 34  0  0  0  0  0  0  0  0999 V2000
   -0.0532    0.5282    2.8101 N   0  0  0  0  0  0  0  0  0  0  0  0
    1.6395    0.3055    6.6766 C   0  0  0  0  0  0  0  0  0  0  0  0
    1.0787    0.3599    5.3511 C   0  0  0  0  0  0  0  0  0  0  0  0
    0.0777    1.3451    5.0325 C   0  0  0  0  0  0  0  0  0  0  0  0
   -0.4646    1.3977    3.7508 N   0  0  0  0  0  0  0  0  0  0  0  0
    1.5436   -0.6224    4.2883 C   0  0  0  0  0  0  0  0  0  0  0  0
    6.5202   -0.0705    5.6649 C   0  0  0  0  0  0  0  0  0  0  0  0
    7.7876   -0.7322    5.4923 C   0  0  0  0  0  0  0  0  0  0  0  0
    5.1180   -1.2824    5.4317 C   0  0  0  0  0  0  0  0  0  0  0  0
    3.7797   -0.7521    5.3863 C   0  0  0  0  0  0  0  0  0  0  0  0
    2.8819   -1.1526    4.3338 C   0  0  0  0  0  0  0  0  0  0  0  0
    5.5828   -2.2647    4.3689 C   0  0  0  0  0  0  0  0  0  0  0  0
    4.7625   -2.6306    3.4075 N   0  0  0  0  0  0  0  0  0  0  0  0
    3.4895   -2.1261    3.3643 O   0  0  0  0  0  0  0  0  0  0  0  0
    6.9952   -2.8243    4.4170 C   0  0  0  0  0  0  0  0  0  0  0  0
    7.9955   -1.6836    4.3253 C   0  0  0  0  0  0  0  0  0  0  0  0
    2.8661   -2.4043    2.6336 H   0  0  0  0  0  0  0  0  0  0  0  0
    1.0932   -2.3541    2.2868 C   0  0  0  0  0  0  0  0  0  0  0  0
    1.7216   -1.1137    1.6730 C   0  0  0  0  0  0  0  0  0  0  0  0
   -2.5395    1.9947    1.9795 C   0  0  0  0  0  0  0  0  0  0  0  0
   -1.3445    1.7754    1.0661 C   0  0  0  0  0  0  0  0  0  0  0  0
   -0.6060    0.5820    1.5032 N   0  0  0  0  0  0  0  0  0  0  0  0
   -0.4397   -0.5559    0.5874 C   0  0  0  0  0  0  0  0  0  0  0  0
    1.0411   -0.8029    0.3499 C   0  0  0  0  0  0  0  0  0  0  0  0
   -0.3871    2.3274    6.0954 C   0  0  0  0  0  0  0  0  0  0  0  0
   -1.4675    2.3010    9.6652 C   0  0  0  0  0  0  0  0  0  0  0  0
   -1.3598    0.8992    9.9780 C   0  0  0  0  0  0  0  0  0  0  0  0
   -0.9339   -0.0009    9.0041 N   0  0  0  0  0  0  0  0  0  0  0  0
   -0.6121    0.4547    7.7278 C   0  0  0  0  0  0  0  0  0  0  0  0
   -0.7198    1.8564    7.4151 C   0  0  0  0  0  0  0  0  0  0  0  0
 18 19  1  0  0  0
 19 20  1  0  0  0
 20 21  1  0  0  0
 21 22  1  0  0  0
 22 23  1  0  0  0
 23 24  1  0  0  0
 19 24  1  0  0  0
 22  1  1  0  0  0
  1  2  1  0  0  0
  2  3  2  0  0  0
  3  4  1  0  0  0
  4  5  2  0  0  0
  1  5  1  0  0  0
  4 25  1  0  0  0
 25 26  2  0  0  0
 26 27  1  0  0  0
 27 28  2  0  0  0
 28 29  1  0  0  0
 29 30  2  0  0  0
 25 30  1  0  0  0
  3  6  1  0  0  0
  6  7  2  0  0  0
  7  8  1  0  0  0
  8  9  2  0  0  0
  9 10  1  0  0  0
 10 11  2  0  0  0
  6 11  1  0  0  0
  9 12  1  0  0  0
 12 13  2  0  0  0
 13 14  1  0  0  0
 12 15  1  0  0  0
 15 16  1  0  0  0
  8 16  1  0  0  0
 14 17  1  0  0  0
M  END
> <minimizedAffinity>
103.82148

> <minimizedRMSD>
4.92985

$$$$
mol_11639637_14


 30 34  0  0  0  0  0  0  0  0999 V2000
    0.3774   -2.6855    1.3707 N   0  0  0  0  0  0  0  0  0  0  0  0
    4.5415   -2.8894    2.0656 C   0  0  0  0  0  0  0  0  0  0  0  0
    3.1261   -2.7948    1.8171 C   0  0  0  0  0  0  0  0  0  0  0  0
    2.2522   -3.8694    2.2118 C   0  0  0  0  0  0  0  0  0  0  0  0
    0.8834   -3.7778    1.9715 N   0  0  0  0  0  0  0  0  0  0  0  0
    2.5545   -1.5607    1.1383 C   0  0  0  0  0  0  0  0  0  0  0  0
    6.9068    1.1524    1.9519 C   0  0  0  0  0  0  0  0  0  0  0  0
    7.5564    2.3517    1.4894 C   0  0  0  0  0  0  0  0  0  0  0  0
    5.7073    0.5259    0.6643 C   0  0  0  0  0  0  0  0  0  0  0  0
    4.8369   -0.5593    1.0367 C   0  0  0  0  0  0  0  0  0  0  0  0
    3.4249   -0.4753    0.7659 C   0  0  0  0  0  0  0  0  0  0  0  0
    5.1356    1.7600   -0.0145 C   0  0  0  0  0  0  0  0  0  0  0  0
    3.8457    1.8367   -0.2619 N   0  0  0  0  0  0  0  0  0  0  0  0
    3.0178    0.8043    0.0924 O   0  0  0  0  0  0  0  0  0  0  0  0
    6.0543    2.9055   -0.4076 C   0  0  0  0  0  0  0  0  0  0  0  0
    6.7403    3.4534    0.8333 C   0  0  0  0  0  0  0  0  0  0  0  0
    2.0373    0.8626   -0.0956 H   0  0  0  0  0  0  0  0  0  0  0  0
    0.8610    0.1638    0.1284 C   0  0  0  0  0  0  0  0  0  0  0  0
    0.2342   -0.0207    1.5007 C   0  0  0  0  0  0  0  0  0  0  0  0
   -1.4885   -4.9616    0.7707 C   0  0  0  0  0  0  0  0  0  0  0  0
   -1.9071   -3.6992    1.5070 C   0  0  0  0  0  0  0  0  0  0  0  0
   -1.0182   -2.5922    1.1257 N   0  0  0  0  0  0  0  0  0  0  0  0
   -1.5742   -1.3885    0.4908 C   0  0  0  0  0  0  0  0  0  0  0  0
   -1.2708   -0.1745    1.3537 C   0  0  0  0  0  0  0  0  0  0  0  0
    2.8239   -5.1034    2.8907 C   0  0  0  0  0  0  0  0  0  0  0  0
    6.1182   -6.3801    4.0862 C   0  0  0  0  0  0  0  0  0  0  0  0
    6.9850   -5.2850    3.7346 C   0  0  0  0  0  0  0  0  0  0  0  0
    6.4612   -4.1542    3.1126 N   0  0  0  0  0  0  0  0  0  0  0  0
    5.0991   -4.0825    2.8306 C   0  0  0  0  0  0  0  0  0  0  0  0
    4.2323   -5.1775    3.1822 C   0  0  0  0  0  0  0  0  0  0  0  0
 18 19  1  0  0  0
 19 20  1  0  0  0
 20 21  1  0  0  0
 21 22  1  0  0  0
 22 23  1  0  0  0
 23 24  1  0  0  0
 19 24  1  0  0  0
 22  1  1  0  0  0
  1  2  1  0  0  0
  2  3  2  0  0  0
  3  4  1  0  0  0
  4  5  2  0  0  0
  1  5  1  0  0  0
  4 25  1  0  0  0
 25 26  2  0  0  0
 26 27  1  0  0  0
 27 28  2  0  0  0
 28 29  1  0  0  0
 29 30  2  0  0  0
 25 30  1  0  0  0
  3  6  1  0  0  0
  6  7  2  0  0  0
  7  8  1  0  0  0
  8  9  2  0  0  0
  9 10  1  0  0  0
 10 11  2  0  0  0
  6 11  1  0  0  0
  9 12  1  0  0  0
 12 13  2  0  0  0
 13 14  1  0  0  0
 12 15  1  0  0  0
 15 16  1  0  0  0
  8 16  1  0  0  0
 14 17  1  0  0  0
M  END
> <minimizedAffinity>
122.75293

> <minimizedRMSD>
0.67106

$$$$
mol_74627710_15


 30 34  0  0  0  0  0  0  0  0999 V2000
    0.0535    0.1538    3.0255 N   0  0  0  0  0  0  0  0  0  0  0  0
    3.8062   -1.7010    2.4411 C   0  0  0  0  0  0  0  0  0  0  0  0
    2.5173   -1.0831    2.6183 C   0  0  0  0  0  0  0  0  0  0  0  0
    2.3122   -0.1388    3.6862 C   0  0  0  0  0  0  0  0  0  0  0  0
    1.0659    0.4587    3.8575 N   0  0  0  0  0  0  0  0  0  0  0  0
    1.3737   -1.4277    1.6783 C   0  0  0  0  0  0  0  0  0  0  0  0
    4.4459   -1.1275   -2.4973 C   0  0  0  0  0  0  0  0  0  0  0  0
    4.4594   -1.5232   -3.8820 C   0  0  0  0  0  0  0  0  0  0  0  0
    3.2850   -2.2183   -1.5218 C   0  0  0  0  0  0  0  0  0  0  0  0
    3.0091   -1.8459   -0.1583 C   0  0  0  0  0  0  0  0  0  0  0  0
    1.6495   -1.8000    0.3147 C   0  0  0  0  0  0  0  0  0  0  0  0
    2.1413   -2.5628   -2.4619 C   0  0  0  0  0  0  0  0  0  0  0  0
    0.8993   -2.5209   -2.0298 N   0  0  0  0  0  0  0  0  0  0  0  0
    0.6369   -2.1667   -0.7327 O   0  0  0  0  0  0  0  0  0  0  0  0
    2.4325   -2.9557   -3.9010 C   0  0  0  0  0  0  0  0  0  0  0  0
    3.1528   -1.8155   -4.6018 C   0  0  0  0  0  0  0  0  0  0  0  0
   -0.3071   -2.1349   -0.4043 H   0  0  0  0  0  0  0  0  0  0  0  0
   -1.0374   -1.6166    0.6650 C   0  0  0  0  0  0  0  0  0  0  0  0
   -0.7590   -0.1318    0.4962 C   0  0  0  0  0  0  0  0  0  0  0  0
   -1.0986    1.1788    5.6031 C   0  0  0  0  0  0  0  0  0  0  0  0
   -1.4067    1.7822    4.2424 C   0  0  0  0  0  0  0  0  0  0  0  0
   -1.2172    0.7630    3.2002 N   0  0  0  0  0  0  0  0  0  0  0  0
   -2.3433    0.3745    2.3388 C   0  0  0  0  0  0  0  0  0  0  0  0
   -1.9941    0.6629    0.8878 C   0  0  0  0  0  0  0  0  0  0  0  0
    3.4559    0.2057    4.6262 C   0  0  0  0  0  0  0  0  0  0  0  0
    6.7802   -1.1596    5.6247 C   0  0  0  0  0  0  0  0  0  0  0  0
    6.8537   -2.3406    4.8037 C   0  0  0  0  0  0  0  0  0  0  0  0
    5.8057   -2.6563    3.9424 N   0  0  0  0  0  0  0  0  0  0  0  0
    4.6866   -1.8298    3.8749 C   0  0  0  0  0  0  0  0  0  0  0  0
    4.6131   -0.6488    4.6959 C   0  0  0  0  0  0  0  0  0  0  0  0
 18 19  1  0  0  0
 19 20  1  0  0  0
 20 21  1  0  0  0
 21 22  1  0  0  0
 22 23  1  0  0  0
 23 24  1  0  0  0
 19 24  1  0  0  0
 22  1  1  0  0  0
  1  2  1  0  0  0
  2  3  2  0  0  0
  3  4  1  0  0  0
  4  5  2  0  0  0
  1  5  1  0  0  0
  4 25  1  0  0  0
 25 26  2  0  0  0
 26 27  1  0  0  0
 27 28  2  0  0  0
 28 29  1  0  0  0
 29 30  2  0  0  0
 25 30  1  0  0  0
  3  6  1  0  0  0
  6  7  2  0  0  0
  7  8  1  0  0  0
  8  9  2  0  0  0
  9 10  1  0  0  0
 10 11  2  0  0  0
  6 11  1  0  0  0
  9 12  1  0  0  0
 12 13  2  0  0  0
 13 14  1  0  0  0
 12 15  1  0  0  0
 15 16  1  0  0  0
  8 16  1  0  0  0
 14 17  1  0  0  0
M  END
> <minimizedAffinity>
107.13584

> <minimizedRMSD>
3.03062

$$$$
mol_87623644_16


 30 34  0  0  0  0  0  0  0  0999 V2000
    0.0785   -1.0946   -3.0909 N   0  0  0  0  0  0  0  0  0  0  0  0
   -0.3290   -0.5325   -7.2601 C   0  0  0  0  0  0  0  0  0  0  0  0
   -0.1628   -0.7287   -5.8431 C   0  0  0  0  0  0  0  0  0  0  0  0
   -1.2978   -0.6201   -4.9631 C   0  0  0  0  0  0  0  0  0  0  0  0
   -1.1370   -0.8099   -3.5927 N   0  0  0  0  0  0  0  0  0  0  0  0
    1.2104   -1.0504   -5.2763 C   0  0  0  0  0  0  0  0  0  0  0  0
    3.5986    0.6019   -9.5812 C   0  0  0  0  0  0  0  0  0  0  0  0
    4.9107    0.9923  -10.0286 C   0  0  0  0  0  0  0  0  0  0  0  0
    3.4559    0.8085   -7.7301 C   0  0  0  0  0  0  0  0  0  0  0  0
    2.2736    0.2905   -7.0912 C   0  0  0  0  0  0  0  0  0  0  0  0
    2.3925   -0.5324   -5.9152 C   0  0  0  0  0  0  0  0  0  0  0  0
    4.8290    0.4869   -7.1634 C   0  0  0  0  0  0  0  0  0  0  0  0
    4.9376   -0.2648   -6.0891 N   0  0  0  0  0  0  0  0  0  0  0  0
    3.8130   -0.7576   -5.4813 O   0  0  0  0  0  0  0  0  0  0  0  0
    6.0767    1.0336   -7.8377 C   0  0  0  0  0  0  0  0  0  0  0  0
    6.1423    0.5267   -9.2692 C   0  0  0  0  0  0  0  0  0  0  0  0
    3.8956   -1.3290   -4.6647 H   0  0  0  0  0  0  0  0  0  0  0  0
    2.8825   -2.3958   -3.6750 C   0  0  0  0  0  0  0  0  0  0  0  0
    1.6755   -3.2288   -3.2755 C   0  0  0  0  0  0  0  0  0  0  0  0
   -1.0298    0.6403   -0.9037 C   0  0  0  0  0  0  0  0  0  0  0  0
   -0.8112   -0.8575   -0.7636 C   0  0  0  0  0  0  0  0  0  0  0  0
    0.2424   -1.2881   -1.6937 N   0  0  0  0  0  0  0  0  0  0  0  0
    1.4657   -1.9190   -1.1775 C   0  0  0  0  0  0  0  0  0  0  0  0
    1.5995   -3.3166   -1.7600 C   0  0  0  0  0  0  0  0  0  0  0  0
   -2.6709   -0.2985   -5.5299 C   0  0  0  0  0  0  0  0  0  0  0  0
   -4.1669    1.0867   -8.6532 C   0  0  0  0  0  0  0  0  0  0  0  0
   -2.9866    1.3361   -9.4400 C   0  0  0  0  0  0  0  0  0  0  0  0
   -1.7283    1.0414   -8.9205 N   0  0  0  0  0  0  0  0  0  0  0  0
   -1.6115    0.5054   -7.6404 C   0  0  0  0  0  0  0  0  0  0  0  0
   -2.7918    0.2559   -6.8537 C   0  0  0  0  0  0  0  0  0  0  0  0
 18 19  1  0  0  0
 19 20  1  0  0  0
 20 21  1  0  0  0
 21 22  1  0  0  0
 22 23  1  0  0  0
 23 24  1  0  0  0
 19 24  1  0  0  0
 22  1  1  0  0  0
  1  2  1  0  0  0
  2  3  2  0  0  0
  3  4  1  0  0  0
  4  5  2  0  0  0
  1  5  1  0  0  0
  4 25  1  0  0  0
 25 26  2  0  0  0
 26 27  1  0  0  0
 27 28  2  0  0  0
 28 29  1  0  0  0
 29 30  2  0  0  0
 25 30  1  0  0  0
  3  6  1  0  0  0
  6  7  2  0  0  0
  7  8  1  0  0  0
  8  9  2  0  0  0
  9 10  1  0  0  0
 10 11  2  0  0  0
  6 11  1  0  0  0
  9 12  1  0  0  0
 12 13  2  0  0  0
 13 14  1  0  0  0
 12 15  1  0  0  0
 15 16  1  0  0  0
  8 16  1  0  0  0
 14 17  1  0  0  0
M  END
> <minimizedAffinity>
80.35510

> <minimizedRMSD>
6.86559

$$$$
